double energyVals[] = {
    0.3316,
    4.1376,
    7.840999999999999,
    7.3666,
    6.340999999999999,
    7.6714,
    8.1204,
    7.2086,
    6.5920000000000005,
    7.9959999999999996,
    8.165200000000002,
    6.955000000000001,
    7.022,
    8.2598,
    8.1232,
    6.727000000000001,
    7.520999999999999,
    8.475999999999999,
    7.978200000000001,
    6.6768,
    7.9824,
    8.586599999999999,
    7.712599999999999,
    6.880599999999999,
    8.376000000000001,
    8.5968,
    7.317399999999999,
    7.373600000000001,
    8.673399999999999,
    8.472400000000002,
    6.9804,
    7.9684,
    8.8598,
    8.2066,
    7.001399999999999,
    8.4636,
    8.9056,
    7.7798,
    7.3436,
    8.844800000000001,
    8.8006,
    7.2948,
    8.017999999999999,
    9.0658,
    8.514199999999999,
    7.143600000000001,
    8.589200000000002,
    9.1358,
    8.0596,
    7.4554,
    9.0034,
    9.0186,
    7.4868,
    8.1398,
    9.258600000000001,
    8.714400000000001,
    7.2826,
    8.7544,
    9.3096,
    8.2018,
    7.608199999999999,
    9.1794,
    9.1664,
    7.597799999999999,
    8.3334,
    9.416,
    8.8158,
    7.3954,
    8.9394,
    9.448000000000002,
    8.240200000000002,
    7.7783999999999995,
    9.354400000000002,
    9.252,
    7.6288,
    8.55,
    9.5564,
    8.831,
    7.549200000000001,
    9.1378,
    9.526599999999998,
    8.1814,
    8.0064,
    9.520199999999999,
    9.2786,
    7.633999999999999,
    8.782599999999999,
    9.6598,
    8.7678,
    7.652199999999999,
    9.338999999999999,
    9.5642,
    8.041999999999998,
    8.3168,
    9.6526,
    9.2208,
    7.634399999999999,
    8.982800000000001,
    9.7232,
    8.6292,
    7.8554,
    9.5084,
    9.537,
    7.8976,
    8.597800000000001,
    9.7426,
    9.098399999999998,
    7.668000000000001,
    9.244600000000002,
    9.7198,
    8.41,
    8.027800000000001,
    9.5922,
    9.433399999999999,
    7.736800000000001,
    8.852599999999999,
    9.7774,
    8.889199999999999,
    7.7304,
    9.412,
    9.6508,
    8.1036,
    8.3736,
    9.7126,
    9.252,
    7.6568,
    8.9922,
    9.7146,
    8.600999999999999,
    7.888599999999999,
    9.5258,
    9.492799999999999,
    7.8352,
    8.6306,
    9.7056,
    8.981,
    7.638,
    9.2292,
    9.6122,
    8.2152,
    8.0604,
    9.4894,
    9.239600000000001,
    7.603999999999999,
    8.8268,
    9.608,
    8.604400000000002,
    7.6656,
    9.2966,
    9.379999999999999,
    7.776999999999999,
    8.338999999999999,
    9.4892,
    8.880600000000001,
    7.4248,
    8.861799999999999,
    9.404399999999999,
    8.126000000000001,
    7.7664,
    9.2638,
    9.0374,
    7.4062,
    8.4822,
    9.307400000000001,
    8.4092,
    7.3556,
    8.937199999999999,
    9.0736,
    7.550400000000001,
    7.900200000000001,
    9.1042,
    8.5806,
    7.1262,
    8.5214,
    9.011199999999999,
    7.829599999999999,
    7.3668000000000005,
    8.8114,
    8.633199999999999,
    7.0556,
    8.0278,
    8.8386,
    8.000399999999999,
    6.8872,
    8.412200000000002,
    8.5858,
    7.139000000000001,
    7.4276,
    8.566600000000001,
    8.059000000000001,
    6.658999999999999,
    7.925,
    8.4232,
    7.306200000000001,
    6.764799999999999,
    8.171199999999999,
    7.9988,
    6.527799999999999,
    7.2265999999999995,
    8.166999999999998,
    7.3512,
    6.361199999999999,
    7.4686,
    7.607000000000001,
    6.3552,
    6.724200000000001,
    7.4442,
    6.774199999999999,
    6.070600000000001,
    7.0329999999999995,
    7.1776,
    6.2196,
    6.1896,
    7.2787999999999995,
    6.955399999999999,
    5.8267999999999995,
    6.5604,
    6.924799999999999,
    6.101,
    5.734999999999999,
    6.701599999999999,
    6.5203999999999995,
    5.5174,
    6.0452,
    6.603999999999999,
    5.9142,
    5.3676,
    6.376,
    6.5012,
    5.4838000000000005,
    5.5132,
    6.2222,
    5.7616,
    4.8672,
    5.7554,
    5.974200000000001,
    5.0666,
    4.9846,
    5.7934,
    5.5242,
    4.5114,
    5.319599999999999,
    5.78,
    5.1324,
    4.4841999999999995,
    5.3292,
    5.225199999999999,
    3.9912,
    4.6866,
    5.1892,
    4.6622,
    3.6844,
    4.8222000000000005,
    4.861800000000001,
    3.8188000000000004,
    3.936,
    4.858,
    4.549799999999999,
    3.3979999999999997,
    4.3122,
    4.4556,
    3.497,
    3.0622,
    4.2425999999999995,
    3.9864000000000006,
    2.5913999999999997,
    3.4122,
    3.9867999999999997,
    3.1144,
    2.4419999999999997,
    3.6412,
    3.6694000000000004,
    2.7508,
    2.9396,
    3.4708000000000006,
    2.6576,
    2.0705999999999998,
    2.5948,
    2.716,
    1.9842,
    2.0642,
    2.2923999999999998,
    2.0796,
    1.765,
    2.1950000000000003,
    2.2998000000000003,
    1.9647999999999999,
    2.0014,
    2.1271999999999998,
    1.8399999999999999,
    1.4494,
    1.687,
    1.684,
    1.3588,
    1.4056000000000002,
    1.54,
    1.3741999999999996,
    1.1682000000000001,
    1.4400000000000002,
    1.4606000000000001,
    1.2127999999999999,
    1.2792,
    1.2824,
    1.034,
    0.8862,
    1.0072,
    0.9114000000000001,
    0.7352000000000001,
    0.8437999999999999,
    0.8038000000000001,
    0.6348,
    0.7448,
    0.7702,
    0.6342,
    0.6848000000000001,
    0.6482,
    0.48260000000000003,
    0.5644,
    0.553,
    0.472,
    0.5791999999999999,
    0.5574,
    0.5349999999999999,
    0.7086,
    0.7096,
    0.7026,
    0.8389999999999999,
    0.7841999999999999,
    0.6988000000000001,
    0.8911999999999999,
    0.907,
    0.8009999999999999,
    1.0154,
    1.0928,
    0.9513999999999999,
    1.1704,
    1.4143999999999999,
    1.3663999999999998,
    1.3521999999999998,
    1.6076000000000001,
    1.5479999999999998,
    1.2637999999999998,
    1.5450000000000002,
    1.689,
    1.4816,
    1.5662000000000003,
    1.8719999999999999,
    1.8117999999999999,
    1.616,
    2.1226,
    2.3478,
    2.1164,
    2.2972,
    2.5648000000000004,
    2.3184000000000005,
    1.959,
    2.6586000000000003,
    2.9724,
    2.2379999999999995,
    2.5296,
    3.586,
    2.9668,
    2.381,
    3.7346000000000004,
    3.987199999999999,
    3.0714,
    3.6340000000000003,
    4.2459999999999996,
    3.6668,
    2.9158,
    4.422199999999999,
    4.411,
    3.1879999999999997,
    4.3078,
    4.8338,
    4.293799999999999,
    3.7484,
    5.1396,
    5.168200000000001,
    4.2386,
    4.9394,
    5.420400000000001,
    4.806,
    4.5482000000000005,
    5.5924000000000005,
    5.52,
    4.6334,
    5.4636,
    5.9841999999999995,
    5.3096,
    5.164199999999999,
    6.284599999999999,
    6.2966,
    5.316599999999999,
    5.9686,
    6.530799999999999,
    5.8518,
    5.5855999999999995,
    6.663200000000001,
    6.5864,
    5.6604,
    6.423399999999999,
    7.0488,
    6.4036,
    5.9552,
    7.294200000000001,
    7.3586,
    6.2892,
    6.828799999999999,
    7.6492,
    7.1048,
    6.3822,
    7.711799999999999,
    8.105599999999999,
    6.808600000000001,
    7.2204,
    8.4312,
    7.8922,
    6.6586,
    8.220400000000001,
    8.6054,
    7.2914,
    7.5672,
    8.8292,
    8.3766,
    7.049200000000001,
    8.533199999999999,
    9.017,
    7.770999999999999,
    7.706,
    9.1346,
    8.816400000000002,
    7.319599999999999,
    8.625800000000002,
    9.3594,
    8.238800000000001,
    7.7262,
    9.329600000000001,
    9.1936,
    7.573,
    8.711200000000002,
    9.6,
    8.6652,
    7.7112,
    9.3908,
    9.492799999999999,
    7.857799999999999,
    8.516000000000002,
    9.669599999999999,
    9.0244,
    7.686,
    9.311200000000001,
    9.685599999999999,
    8.2238,
    8.2752,
    9.6996,
    9.301400000000001,
    7.692,
    9.061,
    9.7296,
    8.602799999999998,
    7.863200000000001,
    9.496199999999998,
    9.4662,
    7.7904,
    8.6326,
    9.650599999999999,
    8.8798,
    7.5813999999999995,
    9.1578,
    9.4706,
    8.042399999999999,
    8.013200000000001,
    9.3738,
    9.015600000000001,
    7.4072000000000005,
    8.607199999999999,
    9.3126,
    8.317599999999999,
    7.3804,
    8.916,
    8.979800000000001,
    7.444,
    7.8622,
    8.9598,
    8.445599999999999,
    6.9768,
    8.256800000000002,
    8.7756,
    7.7174,
    7.016,
    8.4176,
    8.377,
    6.9098,
    7.3982,
    8.358600000000001,
    7.8264,
    6.470999999999999,
    7.6654,
    8.131800000000002,
    7.1502,
    6.4592,
    7.7418000000000005,
    7.748399999999999,
    6.4004,
    6.7248,
    7.668000000000001,
    7.2494,
    5.9566,
    6.9126,
    7.4428,
    6.668200000000001,
    5.7812,
    6.964799999999999,
    7.1342,
    6.0534,
    5.8902,
    6.914199999999999,
    6.7458,
    5.521999999999999,
    6.0744,
    6.7834,
    6.310600000000001,
    5.182,
    6.139799999999999,
    6.570600000000001,
    5.8224,
    5.0172,
    6.145999999999999,
    6.3274,
    5.394399999999999,
    5.039199999999999,
    6.1136,
    6.052999999999999,
    4.977399999999999,
    5.2143999999999995,
    6.0592,
    5.7722,
    4.6966,
    5.1016,
    5.9668,
    5.3244,
    4.4924,
    5.1204,
    5.864199999999999,
    5.2192,
    4.4412,
    5.209999999999999,
    5.748399999999999,
    4.981999999999999,
    4.5588,
    5.4722,
    5.641799999999999,
    4.7614,
    4.5256,
    5.4590000000000005,
    5.3988,
    4.4967999999999995,
    4.6228,
    5.542199999999999,
    5.466,
    4.4874,
    4.706799999999999,
    5.733600000000001,
    5.400399999999999,
    4.4876,
    5.114199999999999,
    5.8228,
    5.351999999999999,
    4.4736,
    5.1198,
    5.880999999999999,
    5.0932,
    4.5192,
    5.425800000000001,
    5.9596,
    5.261000000000001,
    4.6362000000000005,
    5.708399999999999,
    6.034000000000001,
    5.2214,
    4.9106000000000005,
    6.0198,
    6.112400000000001,
    5.198,
    5.103199999999999,
    6.1954,
    6.1744,
    5.1162,
    5.396800000000001,
    6.383799999999999,
    6.260800000000001,
    5.1912,
    5.6954,
    6.562600000000001,
    6.3312,
    5.226999999999999,
    6.018599999999999,
    6.7426,
    6.3882,
    5.325799999999999,
    6.2826,
    6.893600000000001,
    6.4044,
    5.444599999999999,
    6.562,
    7.0672,
    6.4122,
    5.6144,
    6.8396,
    7.2014,
    6.3676,
    5.8802,
    7.127599999999999,
    7.2829999999999995,
    6.2646,
    6.2177999999999995,
    7.388600000000001,
    7.349000000000001,
    6.135,
    6.6484,
    7.634600000000001,
    7.3504000000000005,
    6.0996,
    7.0742,
    7.8275999999999994,
    7.2700000000000005,
    6.199,
    7.4878,
    7.9708,
    7.095000000000001,
    6.4670000000000005,
    7.852000000000001,
    8.018199999999998,
    6.808,
    6.9596,
    8.1572,
    7.9826,
    6.5864,
    7.5120000000000005,
    8.389399999999998,
    7.8214,
    6.6312000000000015,
    8.017199999999999,
    8.5074,
    7.514799999999999,
    6.961799999999999,
    8.4268,
    8.494,
    7.0916,
    7.5855999999999995,
    8.722999999999999,
    8.3362,
    6.9366,
    8.1888,
    8.883,
    8.013399999999999,
    7.1178,
    8.679999999999998,
    8.890200000000002,
    7.5134,
    7.726000000000001,
    9.0154,
    8.710400000000002,
    7.208,
    8.401399999999999,
    9.190199999999999,
    8.344999999999999,
    7.3116,
    8.927600000000002,
    9.1744,
    7.777600000000001,
    7.9308,
    9.279,
    8.9616,
    7.4122,
    8.6428,
    9.429999999999998,
    8.5268,
    7.524600000000001,
    9.1752,
    9.3762,
    7.8709999999999996,
    8.1958,
    9.497399999999999,
    9.0896,
    7.5318,
    8.8764,
    9.601,
    8.5654,
    7.7488,
    9.3994,
    9.4772,
    7.8726,
    8.475399999999999,
    9.671200000000002,
    9.0978,
    7.606,
    9.139199999999999,
    9.6994,
    8.4674,
    7.922,
    9.540600000000001,
    9.4662,
    7.7966,
    8.7516,
    9.764199999999999,
    8.9774,
    7.7042,
    9.3486,
    9.687000000000001,
    8.2366,
    8.25,
    9.689400000000001,
    9.3386,
    7.6972,
    8.9206,
    9.7386,
    8.7276,
    7.825399999999999,
    9.492799999999999,
    9.5666,
    7.9276,
    8.5454,
    9.719,
    9.093599999999999,
    7.6298,
    9.180200000000001,
    9.663599999999999,
    8.3504,
    7.972399999999999,
    9.4776,
    9.3252,
    7.645999999999999,
    8.7804,
    9.6376,
    8.705200000000001,
    7.6286000000000005,
    9.2842,
    9.4372,
    7.843999999999999,
    8.2906,
    9.503,
    8.9494,
    7.434399999999999,
    8.841600000000001,
    9.4352,
    8.197,
    7.742400000000001,
    9.274,
    9.078999999999999,
    7.431599999999999,
    8.482600000000001,
    9.3338,
    8.443,
    7.3678,
    8.9522,
    9.103,
    7.564,
    7.930199999999999,
    9.124199999999998,
    8.5878,
    7.1556000000000015,
    8.566799999999999,
    9.032,
    7.810600000000001,
    7.437600000000001,
    8.8662,
    8.630599999999998,
    7.074000000000001,
    8.115599999999999,
    8.871400000000001,
    7.961399999999999,
    6.9688,
    8.5014,
    8.5908,
    7.105199999999999,
    7.5762,
    8.631799999999998,
    6.2951999999999995,
    1.278,
};
